      0/99     6.34G   0.05964   0.03089         0   0.09053        15       800         0         0   0.08791   0.01397   0.03242   0.03217         0
      1/99     6.34G   0.05151   0.03015         0   0.08166        16       800         0         0   0.01552  0.002393   0.04031   0.02583         0
      2/99     6.34G   0.04866   0.02889         0   0.07756        13       800   0.03336  0.006711   0.03611  0.005842   0.03424   0.02999         0
      3/99     6.34G   0.04892   0.02836         0   0.07728        20       800         0         0    0.1888   0.04836   0.03141   0.02758         0
      4/99     6.34G   0.04786    0.0283         0   0.07617        21       800         0         0    0.1765   0.04252   0.03147    0.0271         0
      5/99     6.34G   0.04443   0.02885         0   0.07328        15       800    0.5028     0.245     0.278   0.06846   0.02829   0.02996         0
      6/99     6.34G   0.04275   0.02961         0   0.07235        20       800    0.5628   0.09938     0.253    0.0609   0.02845    0.0265         0
      7/99     6.34G   0.03957   0.02993         0    0.0695        12       800    0.7051    0.2246    0.3911    0.1237   0.02685    0.0258         0
      8/99     6.34G   0.04071   0.02904         0   0.06976        18       800    0.6041    0.4506    0.4915    0.1487   0.02714   0.02426         0
      9/99     6.34G   0.03859   0.02785         0   0.06644        18       800    0.5109    0.3456    0.3649   0.09768   0.02795    0.0271         0
     10/99     6.34G   0.03397   0.02765         0   0.06162        18       800    0.4935    0.6879    0.6506    0.2785   0.02233   0.02373         0
     11/99     6.34G   0.03284   0.02618         0   0.05902        12       800    0.5299    0.6678     0.596    0.2407   0.02418   0.02294         0
     12/99     6.34G   0.03148   0.02635         0   0.05783        14       800     0.627    0.4597    0.5378    0.2041   0.02441   0.02609         0
     13/99     6.34G   0.03117   0.02493         0    0.0561        14       800     0.611    0.8423    0.8422    0.4094   0.02038   0.02167         0
     14/99     6.34G   0.02829   0.02481         0   0.05309        18       800    0.7358    0.5705    0.6412    0.3149   0.02089   0.02564         0
     15/99     6.34G   0.02862    0.0244         0   0.05302        17       800    0.7831    0.8456    0.8696    0.5063   0.01937   0.01899         0
     16/99     6.34G   0.02784   0.02439         0   0.05223        20       800    0.6626    0.7819    0.7885    0.3646   0.01976    0.0229         0
     17/99     6.34G   0.02773   0.02365         0   0.05138        17       800    0.7151    0.8154    0.8377    0.4878   0.01961   0.02118         0
     18/99     6.34G   0.02585   0.02322         0   0.04907        19       800    0.6719    0.8245    0.8198    0.4764   0.01848   0.02096         0
     19/99     6.34G    0.0275    0.0227         0    0.0502        11       800    0.7787    0.8691    0.8766    0.5223   0.01829   0.01858         0
     20/99     6.34G   0.02569   0.02218         0   0.04787        23       800    0.7617    0.8423     0.863    0.4988   0.01767   0.01967         0
     21/99     6.34G   0.02463   0.02176         0   0.04639        17       800    0.6955    0.8691    0.8663    0.5399   0.01846   0.01866         0
     22/99     6.34G   0.02525   0.02187         0   0.04711        20       800    0.8425    0.8557    0.8966      0.56   0.01779   0.01799         0
     23/99     6.34G   0.02488   0.02141         0   0.04629        17       800    0.7858    0.8725    0.9014    0.6096   0.01642   0.01721         0
     24/99     6.34G   0.02415   0.02131         0   0.04546        11       800    0.7568    0.8859    0.9004    0.6138   0.01729   0.01662         0
     25/99     6.34G   0.02386   0.02038         0   0.04424        15       800    0.7989    0.9066     0.922     0.645   0.01602   0.01628         0
     26/99     6.34G   0.02312   0.02079         0    0.0439        20       800    0.7942    0.9161     0.923     0.632   0.01582   0.01649         0
     27/99     6.34G   0.02225   0.02022         0   0.04247        15       800    0.7899    0.8453    0.8718    0.5382   0.01684    0.0185         0
     28/99     6.34G   0.02324   0.01985         0   0.04309        13       800    0.7512    0.9329    0.9286     0.644   0.01565   0.01511         0
     29/99     6.34G   0.02211   0.02029         0    0.0424        14       800    0.8426    0.9195    0.9192    0.6147   0.01605   0.01577         0
     30/99     6.34G   0.02258   0.01988         0   0.04246        16       800    0.7137    0.9094    0.9045    0.6335   0.01564   0.01633         0
     31/99     6.34G   0.02154   0.01986         0   0.04141        13       800    0.8087    0.9228      0.93    0.6313    0.0163   0.01544         0
     32/99     6.34G   0.02113   0.01913         0   0.04026        23       800    0.7776    0.9161    0.9226    0.6487    0.0157   0.01529         0
     33/99     6.34G   0.02266   0.01925         0   0.04191        11       800    0.7432    0.9262     0.938    0.6737   0.01479     0.015         0
     34/99     6.34G   0.02138   0.01874         0   0.04012        19       800     0.766    0.9463    0.9438    0.6768   0.01458   0.01453         0
     35/99     6.34G   0.02117   0.01885         0   0.04002        17       800    0.8403    0.9396    0.9506    0.6896   0.01406   0.01411         0
     36/99     6.34G   0.02068   0.01877         0   0.03944        18       800    0.8747    0.9195    0.9529    0.7052   0.01394   0.01376         0
     37/99     6.34G   0.02026   0.01849         0   0.03875        18       800     0.804    0.9228    0.9286     0.681   0.01432   0.01483         0
     38/99     6.34G   0.02051   0.01865         0   0.03916        14       800    0.8147    0.9295    0.9432    0.6678   0.01373   0.01499         0
     39/99     6.34G   0.01976   0.01763         0   0.03739        14       800    0.8345    0.9478    0.9494    0.6784   0.01453   0.01386         0
     40/99     6.34G    0.0195   0.01795         0   0.03745         9       800     0.838    0.9396    0.9486    0.6955   0.01407   0.01358         0
     41/99     6.34G   0.01877   0.01765         0   0.03642        14       800    0.8072     0.943    0.9534    0.7059   0.01367   0.01313         0
     42/99     6.34G   0.01879   0.01721         0   0.03599        17       800    0.8283    0.9396    0.9499    0.7084   0.01304   0.01335         0
     43/99     6.34G   0.01867   0.01721         0   0.03588        17       800    0.8715    0.9262    0.9429    0.6968   0.01369   0.01402         0
     44/99     6.34G   0.01757   0.01687         0   0.03443        16       800    0.8479     0.953    0.9557    0.7169   0.01286    0.0129         0
     45/99     6.34G   0.01909   0.01679         0   0.03588        13       800    0.8491     0.943    0.9534    0.7121   0.01335   0.01339         0
     46/99     6.34G   0.01912   0.01726         0   0.03638        19       800    0.8668    0.9396    0.9437    0.6835   0.01354    0.0142         0
     47/99     6.34G    0.0207   0.01718         0   0.03787        10       800    0.8636    0.9295     0.953    0.7423   0.01314    0.0126         0
     48/99     6.34G   0.01826   0.01696         0   0.03522        22       800    0.8583     0.943    0.9525    0.7192   0.01286   0.01314         0
     49/99     6.34G   0.01831   0.01698         0    0.0353        18       800    0.8538    0.9463    0.9499    0.7442   0.01267   0.01268         0
     50/99     6.34G   0.01687   0.01647         0   0.03334        17       800    0.8665     0.953     0.961    0.7109    0.0129   0.01287         0
     51/99     6.34G   0.01649   0.01657         0   0.03306        17       800    0.8405    0.9548    0.9642    0.7455   0.01227    0.0118         0
     52/99     6.34G   0.01816   0.01629         0   0.03445        17       800    0.8828    0.9351    0.9566    0.7481   0.01224   0.01228         0
     53/99     6.34G   0.01577   0.01661         0   0.03238        14       800    0.8514    0.9564    0.9674    0.7567   0.01227   0.01194         0
     54/99     6.34G   0.01733    0.0163         0   0.03364        14       800    0.7885    0.9497    0.9534    0.7483   0.01244   0.01255         0
     55/99     6.34G   0.01793   0.01605         0   0.03398        17       800    0.8644    0.9362     0.962    0.7626   0.01235   0.01192         0
     56/99     6.34G    0.0174   0.01601         0   0.03341        14       800    0.8507    0.9597    0.9656    0.7611   0.01198   0.01195         0
     57/99     6.34G    0.0166   0.01601         0   0.03261        13       800    0.8606    0.9463    0.9575    0.7433   0.01237   0.01227         0
     58/99     6.34G   0.01583   0.01579         0   0.03162        16       800      0.89    0.9497    0.9614    0.7718   0.01189   0.01166         0
     59/99     6.34G   0.01656   0.01563         0   0.03219        17       800    0.8692    0.9463    0.9576    0.7577   0.01191    0.0117         0
     60/99     6.34G   0.01707   0.01543         0   0.03251        19       800    0.8499    0.9564    0.9663    0.7631   0.01178   0.01146         0
     61/99     6.34G   0.01549   0.01568         0   0.03117        15       800    0.8586    0.9564    0.9618    0.7738   0.01143   0.01139         0
     62/99     6.34G   0.01532   0.01522         0   0.03053        19       800    0.8858    0.9497    0.9622    0.7697   0.01121   0.01153         0
     63/99     6.34G   0.01544   0.01501         0   0.03045        17       800    0.8304    0.9532    0.9687     0.786   0.01096   0.01129         0
     64/99     6.34G   0.01657   0.01565         0   0.03222        20       800    0.8766    0.9564      0.97    0.7794    0.0115   0.01146         0
     65/99     6.34G   0.01522   0.01487         0   0.03009        22       800    0.8832     0.953    0.9675     0.786   0.01108   0.01126         0
     66/99     6.34G    0.0159   0.01511         0   0.03101        15       800    0.9042    0.9564    0.9736    0.7798   0.01105   0.01092         0
     67/99     6.34G   0.01596   0.01478         0   0.03074        22       800    0.9141    0.9636    0.9793    0.7813   0.01083   0.01107         0
     68/99     6.34G   0.01496   0.01482         0   0.02978        14       800    0.8839     0.953    0.9695    0.7795   0.01083   0.01131         0
     69/99     6.34G   0.01588   0.01486         0   0.03074        14       800    0.8883    0.9608    0.9668    0.7839   0.01145   0.01156         0
     70/99     6.34G    0.0147     0.015         0    0.0297        17       800    0.8746    0.9593     0.966    0.7818   0.01121   0.01116         0
     71/99     6.34G   0.01389   0.01454         0   0.02843        18       800     0.887     0.953    0.9738     0.782   0.01126    0.0108         0
     72/99     6.34G   0.01374   0.01435         0    0.0281        22       800     0.902     0.953     0.972    0.8009   0.01102   0.01073         0
     73/99     6.34G   0.01394   0.01375         0   0.02769        14       800     0.871    0.9597    0.9742    0.7958   0.01092   0.01069         0
     74/99     6.34G   0.01447   0.01412         0    0.0286        11       800    0.9037    0.9631    0.9687    0.7927   0.01048   0.01071         0
     75/99     6.34G   0.01465   0.01439         0   0.02903        15       800    0.8893    0.9698    0.9745    0.8069   0.01032   0.01086         0
     76/99     6.34G   0.01404   0.01437         0   0.02841        17       800    0.9197    0.9664    0.9758    0.7998   0.01049    0.0107         0
     77/99     6.34G   0.01402   0.01378         0   0.02781        18       800    0.9021    0.9698    0.9753    0.7954   0.01041   0.01062         0
     78/99     6.34G    0.0137   0.01435         0   0.02805        20       800      0.93    0.9698    0.9779    0.8002   0.01048   0.01072         0
     79/99     6.34G   0.01341   0.01382         0   0.02722        22       800      0.93    0.9631    0.9769    0.8093   0.01028   0.01041         0
     80/99     6.34G   0.01517   0.01418         0   0.02935        16       800    0.8919    0.9732    0.9776    0.8048   0.01011   0.01072         0
     81/99     6.34G   0.01362   0.01355         0   0.02717        15       800    0.9097    0.9631    0.9794    0.8088   0.01011   0.01048         0
     82/99     6.34G   0.01403   0.01376         0   0.02779        18       800    0.9276    0.9664    0.9775    0.8063   0.01015   0.01035         0
     83/99     6.34G   0.01293    0.0135         0   0.02642        17       800    0.8924    0.9564    0.9728    0.7923   0.01067    0.0108         0
     84/99     6.34G   0.01252   0.01356         0   0.02608        19       800    0.9226    0.9603    0.9785    0.8109   0.01004   0.01044         0
     85/99     6.34G   0.01285   0.01395         0    0.0268        15       800    0.9074    0.9631    0.9762    0.8084  0.009983   0.01059         0
     86/99     6.34G   0.01325   0.01345         0   0.02669        13       800    0.9292    0.9564    0.9758    0.8097   0.01005   0.01028         0
     87/99     6.34G   0.01363   0.01324         0   0.02687        13       800    0.9257    0.9631     0.974    0.8144  0.009879   0.01035         0
     88/99     6.34G   0.01396   0.01327         0   0.02722        13       800    0.9146    0.9631    0.9737    0.8113   0.01035   0.01045         0
     89/99     6.34G   0.01319   0.01331         0    0.0265        16       800    0.9016    0.9664    0.9722    0.8012   0.01013   0.01064         0
     90/99     6.34G   0.01284    0.0132         0   0.02604        21       800    0.9358    0.9631     0.976    0.7949   0.01054   0.01039         0
     91/99     6.34G   0.01335   0.01364         0     0.027        16       800    0.9152    0.9664    0.9739    0.8107  0.009994   0.01003         0
     92/99     6.34G   0.01255   0.01355         0   0.02611        18       800    0.9309    0.9597    0.9754     0.811      0.01   0.01017         0
     93/99     6.34G   0.01348    0.0133         0   0.02678        15       800    0.9352    0.9597    0.9791     0.815  0.009933   0.01013         0
     94/99     6.34G   0.01382   0.01327         0   0.02709        14       800    0.9349    0.9635    0.9785    0.8132   0.01028   0.01022         0
     95/99     6.34G   0.01252   0.01325         0   0.02578        19       800    0.9309    0.9597    0.9769    0.8104   0.01013    0.0103         0
     96/99     6.34G   0.01343   0.01342         0   0.02684        14       800    0.9153    0.9597    0.9755    0.8109   0.01008   0.01025         0
     97/99     6.34G   0.01283   0.01345         0   0.02629        16       800    0.9245    0.9597    0.9732      0.81  0.009974   0.01017         0
     98/99     6.34G   0.01241   0.01371         0   0.02611        21       800      0.93    0.9664    0.9788    0.8123  0.009902   0.01025         0
     99/99     6.34G   0.01303     0.013         0   0.02603        21       800    0.9253    0.9664    0.9729    0.8122   0.01004   0.01006         0
